calibration_pose_1: [3.5573804274509575, 2.707035877464874, -1.9736113368381798, 0.09426990349962049, 2.5389157136148666]
calibration_pose_2: [2.4839022454022146, 2.7094726256128507, -1.9159316957182713, 0.00756637103892753, 2.469756427452038]







