calibration_pose_1: [3.5573804274509575, 2.61799, -1.9736113368381798, 0.09426990349962049, 2.5389157136148666]
calibration_pose_2: [2.4839022454022146, 2.61799, -1.5159316957182713, 0.2221239, 2.7389157136148666]







